1000
408
51
500
885416
3839468
37707
1556757
2813295
2609912
2215792
5301
569768
3196115
4283349
2866957
3211799
973691
2750459
2102032
2626399
1381080
2686899
490038
2470465
143022
528629
3443463
3365508
946279
2700373
3640954
2400041
2590067
3120289
716481
1610203
932243
1095892
2179177
2756123
1522527
1382965
4183682
1877707
3688029
2976656
3735775
3266222
2131740
3484638
3583139
3944773
1782836
3954599
1691485
3567637
3839693
1299524
2398160
1356865
4043515
570198
3606641
955376
4219387
2075602
2500808
3115389
821872
3235271
1031433
1321871
2253738
2188881
68866
1740767
1062050
3886534
28987
1269016
3119748
1631218
3578244
3543951
811400
3149942
3333477
2398987
2221367
2048367
2877743
131680
2341829
1242152
3619763
3666371
3982661
1000505
2757015
3176626
2028877
1196743
736964
311526
1311391
2948572
692642
1403100
1743210
2069045
2588536
1697022
1487119
1824302
1729408
722952
96632
2298986
4213540
346439
505810
1552808
1025776
3567977
4086584
1689144
3101261
3546924
721879
1856336
2429823
3990648
273772
1540034
2483810
160067
3445746
2171855
3044087
3892883
1909521
3094702
886092
3780564
895269
3301799
3118758
3364182
131071
961020
816041
3413811
52343
646747
1765653
759371
2255362
4247398
1206092
1725789
557450
2166306
430203
4088227
2730605
16198
259712
3483472
1044015
1980629
3780617
3616860
3012129
4157076
1361914
1323680
2417091
2958196
1484130
821163
1364387
2735007
4223396
250854
2031854
979717
2910499
23702
2062414
3175317
706286
2805750
590232
3522157
1052557
3257830
3444177
906747
2229038
2680620
3384239
2067795
144082
3818223
322755
3214247
1306845
3854619
3310607
1577566
3576134
1554004
1808648
3218188
508749
2176335
2278880
3087647
3235438
1080507
6792
3596954
3055187
3134783
1763189
1365577
452829
1968211
3649499
675327
1304475
461515
35068
4058302
1922385
4095675
845561
2368518
1939678
322583
1604988
723579
2913343
2254228
1344464
3295775
3626811
1418840
1294279
2475634
1438465
125863
2663035
1198810
367368
3895269
2776195
1813471
630322
497866
1890313
731269
1970522
34107
1390927
825495
646175
2827216
636278
2574718
2484665
1113074
2547337
1237935
4149366
3002166
2548152
891228
1969312
509512
2381105
1553075
4204025
1307571
1333481
2153230
1644616
966928
3206432
2924076
3980461
315159
3958935
1395872
4183201
2333429
1047067
2170914
2314252
2146958
3078333
3092848
3190688
16928
1720993
291288
4003690
17397
1369548
2859897
962782
602351
1429603
2083927
1971726
1911986
3492638
859716
3818076
1281699
1007233
1837318
847450
1004384
3161623
2378436
1351582
2270617
2900024
2973623
3177191
3935408
2533768
2916953
2456298
2495155
1118159
3038164
2552420
931690
3069222
3028018
1498904
3724522
2746527
3744720
1967207
3643982
2850948
3329998
2214990
261262
2705406
116142
3932596
245910
358173
1164883
617333
3343033
820978
2559192
672968
1011171
3065065
4165673
632732
1307762
1319045
3502156
741903
805431
1671128
4046088
258224
4133033
2830309
2298293
258096
2239177
4067058
3030126
441426
4030563
596142
1014777
1455497
925241
3669029
2158430
795632
3127103
4115255
1475220
2654981
4219368
3183155
330726
354863
578398
2824577
2745560
698024
1462988
1152027
2821547
3177913
4232810
2219545
1632229
209687
2596782
3146101
95450
3528470
3636386
476794
2901786
3993174
3441970
4093219
1957163
2041140
2419685
2378902
3306074
323818
2752847
2121081
1219082
1958192
527076
1528956
2599821
2725841
1967491
694256
299035
978546
3331852
1712045
3869849
1633100
1725586
3964484
3196288
1460784
2376217
1461634
1999561
2616993
3027483
3252097
1763424
2186382
1866979
2609836
538267
2274435
2661751
2359984
2066759
3339700
3422313
2151145
1466441
1661669
2642658
1388774
2094376
1961357
1908585
1534010
1715746
557541
3271142
2698165
1520187
3010426
240172
2793139
3879096
2833622
1679025
1193562
695158
1364108
3442323
458148
187101
2980180
250394
2535866
632364
569146
2529795
2689597
932464
4278284
2973333
2842989
2208369
3256848
